[slide2.jpg]
moddate=c2f5dea8ebc1d301
width=1000
height=240
text=1;124;3;GBB;Arial;0.009004,-0.037477,0.266667,0.000000;v1,4282135929,4282135929,128.000000,1.000000,0.500000,1.000000,400,2,49152;;
textactive=1
